Número de vértices: 10000
Número de arestas: 209986
Grau mínimo: 20
Grau máximo: 68
Grau médio: 41.9972
Grau mediano: 42

--- Componentes Conexas ---
Número de componentes: 1
Tamanho da maior componente: 10000
Tamanho da menor componente: 10000

Componentes:
Tamanho: 10000 | Vertices: 0 4014 2148 5885 8150 4845 2806 9499 9544 9616 2074 8125 58 7228 6977 724 5363 4522 5963 5092 600 412 4948 4638 8397 2267 7975 7319 4709 1055 1960 8005 1778 9867 3818 130 7684 8756 6654 513 2138 9099 7774 6201 654 929 3295 3048 8844 8603 8227 7646 4929 8522 1958 225 55 987 4397 4346 6562 8581 9730 4651 5698 6996 3325 6176 7390 4907 409 8828 1495 8928 660 5107 6369 3679 740 5418 2203 6548 7175 1584 627 1022 4022 8085 4795 1046 3062 3256 790 2721 2403 6282 3974 9455 4989 7515 6705 259 8321 6774 9875 5735 7707 4875 2751 3811 6304 1826 9406 1308 2537 4926 6067 1245 6884 2951 4831 6388 5648 5868 3895 6947 8335 3891 3014 1175 4986 1459 2585 6916 6042 867 3548 9323 7163 1627 5433 7623 6828 4109 5066 5944 6210 6596 2900 5678 9332 5146 2838 757 6668 3146 8978 1338 1237 2139 971 5784 9441 1304 693 9296 4482 116 4029 755 358 9918 4020 3051 9601 6802 4698 831 9684 242 6500 1871 1588 8269 4313 939 8009 5993 9071 3399 2632 1218 2592 48 2707 5367 2765 1674 4455 6614 4842 8775 5730 6472 5413 3718 1977 6208 4503 7522 592 1233 5405 556 7537 4182 7413 8553 8445 7194 4704 5184 2187 7939 2800 5249 5542 6010 1253 8818 9954 9742 2610 7439 5001 1901 7676 8681 3030 753 3804 7856 4328 3959 3002 6220 6897 8888 806 4436 763 206 3967 5872 4145 8509 5446 2344 6595 8216 8164 2365 3136 1725 435 813 5627 4295 1978 7079 7400 8660 6942 2702 8404 96 115 5178 6632 6888 5820 6924 7450 3427 2974 3079 308 8922 6533 8219 5272 5700 9843 4246 3990 6099 1670 3992 5658 703 2092 7842 2623 7862 6242 2755 5779 4054 9575 5346 4225 6463 1216 1113 3981 6800 6946 363 2255 5884 7655 4219 2142 5251 2762 6291 625 9953 6041 4508 8262 7996 5984 7414 4756 3901 858 4401 8907 222 3683 6681 7373 3078 297 725 4675 2590 2746 5268 4318 5989 9446 3903 812 847 650 5327 2300 7109 1407 6792 9062 1981 9442 5286 3615 2155 7649 2309 5428 2770 9004 9584 5366 5519 8507 436 4922 3612 7322 4222 2513 9181 4040 2831 1183 6235 8606 2783 7326 5013 8146 935 3790 5202 8156 3624 5527 8641 2960 7340 2637 578 1910 3907 9267 2275 7900 7539 3843 8324 8098 6667 6438 44 3184 7745 3066 2352 2987 1594 2197 4221 4055 2877 4630 4865 9063 5709 4308 6072 9708 8163 7760 7087 7374 1111 8565 2288 7268 8111 5964 8202 4192 1781 9205 8353 8176 5654 5180 1863 4294 4582 3604 7285 5541 2717 6600 4693 6153 3291 2332 1471 4198 593 3775 6973 8294 5740 6898 6248 1131 6634 3542 4310 4175 4266 7466 2339 2455 8854 6566 3921 7603 8723 355 2882 7613 7281 4600 911 6440 5612 7659 5575 6264 2750 411 9394 7638 2633 4628 7473 5499 7503 2441 7328 4051 1663 7833 2099 2210 3013 2868 3682 2687 4299 6114 9094 1924 8967 3512 2720 2482 8963 2813 5445 2907 3149 8458 91 4292 2240 1092 144 6893 53 8825 1030 1678 1263 9566 7775 1694 8695 4799 2154 3546 428 6319 738 5585 7060 5971 480 6139 9013 4324 8896 4653 7276 6706 3353 8165 4531 3831 6355 779 7682 8797 4998 7772 6034 2297 7500 4086 6476 1173 7724 4154 4046 2606 6295 1505 3310 4612 5753 1012 750 4728 352 6237 4379 5801 1898 9509 2005 1513 2739 8007 3975 7705 85 8021 9856 9362 5357 145 9235 6224 5710 8634 7498 9113 1878 898 7156 7476 9948 2222 8960 2189 8468 4518 3500 90 4152 8819 2404 2101 9114 8530 233 3541 8147 6492 2298 2067 2949 7796 2971 1282 6739 3137 6169 8614 9142 6325 8292 2381 3801 3072 5022 1611 6439 933 4744 9241 4095 7928 2916 1570 9334 5817 6580 7048 6396 5544 645 3173 7308 239 6841 8697 1395 2874 7781 5154 9847 9005 9051 5825 6682 8914 6280 2598 2832 9556 4433 4155 8976 3649 6343 2696 6351 8826 723 1366 711 1167 6585 4228 815 4143 8949 7976 9984 1114 9585 447 7269 3239 2411 6435 3457 6003 1997 1661 9775 9384 5592 1090 326 8389 7771 572 9761 3201 9460 7701 6231 1375 4767 1297 1526 9481 6578 1231 2546 8189 5056 9795 7154 7267 1850 7346 3278 4325 2193 2686 2100 4403 5725 5144 6074 533 6051 902 6206 7984 1785 9653 4069 631 6129 2006 7902 6663 8069 7918 177 7499 6009 1998 8772 9722 3479 9420 8470 5681 8429 4066 7869 4269 6252 874 8326 1577 5503 9385 463 9427 9036 4388 9461 185 5867 3747 4703 6160 1926 8475 52 8730 9663 737 5210 6185 9740 9501 6619 273 8006 2470 5888 9677 3819 5114 9109 8883 9380 6799 4624 3178 2913 1293 1078 456 6371 8360 4250 5661 6296 9328 641 7254 989 5716 9067 4331 3230 5505 9254 5573 3715 2570 3432 1141 6274 5577 6508 4855 3537 8862 4249 944 9221 6358 5398 5467 5699 6455 2943 3418 1172 7495 8424 8059 8512 6167 1558 179 9116 9507 8160 6171 5495 2548 8748 377 5972 5223 5424 8984 163 2930 6209 7304 9647 6293 1429 9688 3067 6987 9082 3438 9592 5856 6115 1633 1676 9877 8622 6699 4132 9137 674 5459 8452 6061 1347 923 3733 9839 8257 6534 8161 2554 9069 5257 8143 675 1436 5243 2661 9634 4003 1593 2522 5973 4431 1365 9151 4692 9021 1662 317 5657 8926 9204 5771 9273 470 2530 7369 7590 2826 5049 210 3095 9395 1568 1852 3859 6004 4680 7035 8920 8678 1941 4571 6329 5959 7002 8789 7927 8794 7990 5529 745 9538 7257 9925 2968 6846 3763 9382 2534 1037 3375 4610 1881 5590 2821 1747 748 5788 5419 653 3423 9162 4588 8661 5805 2093 5494 2786 9806 860 6612 2166 275 4475 8431 9327 7034 3597 4177 7496 3407 9748 4131 33 4910 2428 3821 525 3937 4801 6493 6661 6741 5966 6968 4996 3153 3484 4548 7417 4200 8004 7660 8109 8433 6517 8378 2605 9285 8757 2671 6398 2858 8355 1355 8985 8385 8677 4579 7794 3769 5426 5468 2485 6154 4861 9041 3982 6310 5604 4305 7759 6882 8019 9231 8633 5024 7953 1138 328 4427 2362 4414 5324 2932 8139 7977 8670 3603 4049 9760 1521 4762 7629 1250 9800 2414 4448 7180 3720 4661 6109 9895 6370 1074 5794 3565 3193 7436 5587 1620 9372 6834 5946 6174 6336 7858 5048 731 1741 5790 3601 4135 8629 5122 1843 5695 344 7879 976 4364 9896 6088 1462 4428 5244 9803 1358 3759 9939 4540 1252 3651 9525 4761 1305 8951 817 3690 7565 5336 1690 356 8969 3522 8669 967 4611 8341 2675 2477 8570 4529 301 7475 6694 4298 2326 605 5159 1403 5760 1056 3287 8136 5105 3817 7805 2753 9861 7742 5660 7053 7388 2557 131 6922 3075 3908 3052 4147 2895 3864 7819 5008 4797 7717 1535 4992 1888 6338 5808 6145 449 4242 8648 5079 7066 380 6245 7290 1124 256 6992 9614 5217 4817 5352 9498 5509 8061 7464 5007 2699 310 2303 2156 7826 6005 8966 4804 167 7754 8640 6944 9972 3894 6845 9122 5814 400 6036 162 7242 8065 2349 3613 9924 6024 2510 2159 1033 4988 7446 3029 8310 4342 3534 6054 9573 7049 5006 2122 8659 846 196 7426 3805 3977 5175 3902 8558 2331 1194 4839 6256 4777 2995 5506 6923 808 8992 4902 1648 6746 6948 8822 9096 2718 1434 7299 7645 1129 8569 6106 6848 1450 5919 5554 1126 2682 3980 4782 50 5783 1199 383 9040 3303 2501 6331 8869 8047 9405 9488 896 9660 9579 2420 8534 5250 2683 4491 683 2444 952 8191 1659 690 2284 6030 1125 2978 9136 7867 1511 7571 2863 756 266 7170 6696 3551 5012 2004 4356 9942 9110 1142 5203 2389 9910 8980 9416 2947 4039 8374 8267 877 6835 1109 8716 5843 9725 1009 1657 8106 4226 1639 5176 5768 4697 4791 4360 8741 5229 9352 7077 4422 2196 8317 4330 7067 618 7529 934 9947 1042 8312 3631 6716 7556 8597 8084 371 7372 8181 1622 3785 3206 1605 4073 9467 1399 6253 5475 6243 8550 6272 5524 5513 386 1229 8080 1374 7991 1945 5409 2361 5780 8699 238 3662 7444 1503 134 7691 4857 8068 8088 6808 8264 7798 7822 3713 4951 9164 1866 169 7419 9166 8684 5292 3213 5673 5005 2041 1875 959 7334 3663 9154 8304 1801 5371 3009 9473 7835 9444 3985 9167 3924 977 3111 741 1727 1158 1684 5632 1579 9630 2678 6801 1058 6391 8568 2140 4554 9854 1796 6868 2015 4507 7047 4229 9957 9765 9960 6168 6545 2102 5905 4481 8099 5555 7416 9986 8373 7022 4512 4036 4247 798 7287 9260 7788 3905 7343 7068 7573 8551 9197 895 1715 1789 7572 7204 8332 9470 3862 5895 6066 3181 8583 7354 7411 6360 8504 6205 4134 4909 1745 5931 4500 6113 2130 7333 2129 9226 76 3665 5909 3167 7443 5181 7624 2544 2039 2068 7098 1989 138 8973 2075 2506 3942 6477 6505 1206 7313 9131 3354 7266 2804 4417 9648 5603 8745 2040 2150 9870 4539 4234 2774 6026 5307 7073 9714 8241 7005 9668 8170 5749 3195 3904 280 304 9717 4892 7210 2471 5058 186 6070 1842 3260 2931 9317 5778 6149 5591 245 3958 5531 7357 9945 2228 2343 8729 7298 2301 5614 3656 1059 6417 5281 3619 3700 1595 7438 7015 6151 3092 291 1326 3743 5883 9277 8482 1544 9815 7115 4723 1929 4869 7790 5300 8988 3576 5264 8946 350 7780 3298 1258 2631 6700 9 871 558 1379 8461 4107 1077 2558 8931 6383 945 5019 6380 9029 3501 3533 5621 8692 5115 5510 870 6150 3550 2944 6204 2008 152 6037 4815 3044 595 6750 7741 8521 9155 4945 8413 9410 5853 4416 9157 9950 1385 2805 2461 4354 6188 8836 544 1858 4440 9193 3806 1401 8829 3946 6526 8776 8624 9206 9868 6373 6044 5469 3359 1060 3617 1089 5667 1357 4966 8350 8823 4493 1534 3987 110 9784 6885 1767 9111 2564 4230 8930 1522 9612 7574 5870 8644 5062 9733 445 1683 5415 7553 3391 2532 6403 9824 9940 7584 7152 6092 8636 3140 8450 3334 1946 3896 7631 9551 7600 7520 6921 9337 6300 1288 7351 8119 9329 9852 9719 9172 6956 3422 8655 479 8778 341 1330 3729 1718 7145 3324 2660 2085 5463 3809 3332 1912 348 2096 9855 9766 6249 9752 4352 3130 9342 8113 4802 6783 8362 1716 2578 4618 2082 8440 2775 60 5781 3034 6131 101 9485 7965 1418 6175 771 7906 4914 3045 2112 8837 1038 8400 477 662 2574 8805 6660 5277 9383 7674 8462 2726 9751 4128 4374 6186 5797 4852 6890 4879 1220 7289 9649 9422 4863 3834 4793 990 3884 3616 5858 7729 5688 7274 3421 661 7585 4722 5852 3971 8881 4622 8981 3592 3406 2962 5069 681 9314 792 8114 4526 5090 4311 6822 8942 231 4164 3347 5296 4707 8091 8254 8870 591 7801 1076 1668 5795 3549 5035 1860 2151 3321 6261 9086 8968 9937 9023 4257 3080 1456 8792 1179 4555 5009 5955 8271 1490 8496 1979 8810 3727 1790 1413 8399 9696 5187 3647 9511 1178 521 7041 1710 6502 7639 8838 7431 4925 5260 2795 2013 1273 9744 995 255 6420 2684 8564 9309 318 3517 2927 7456 6853 2957 1613 6194 4130 3493 4366 9185 2429 4525 7449 9840 279 6107 2728 3709 8821 6510 7605 765 7064 9591 8827 9531 1754 8017 8894 9212 6353 7582 9344 7291 633 6521 6250 8511 9486 1892 8298 6840 3242 9101 32 2050 1290 8783 6708 6837 826 4319 283 7490 7551 1327 7743 3387 8234 883 7306 619 5193 1161 7018 9434 5214 1708 5382 8172 6447 4696 7860 8552 1854 3661 9904 9651 7978 2296 3101 4982 2198 9134 7056 2048 6553 7220 6307 2691 7594 7764 1821 875 1011 1835 7090 1774 8989 132 2998 2690 35 3412 2424 5988 4995 8517 5551 720 1560 6192 2370 3777 4203 4194 2010 3317 8036 1784 8064 78 9311 6793 9915 2028 4497 8082 8523 9453 7632 4442 1872 2363 6178 9259 7279 2160 9804 7361 2604 3102 8050 2207 8746 8277 8911 1697 2238 7954 7507 1932 1168 9524 4133 2864 8621 9964 4999 6839 3644 603 5690 5807 2231 2044 2109 9108 2828 9695 81 5283 218 1351 2862 9880 4032 9370 8842 6819 1920 9144 6165 8071 511 1782 126 4116 1096 4566 5333 9354 2500 7839 8416 4206 9981 3454 2768 62 4580 554 5574 6877 1478 9232 9623 904 9401 5136 2264 2371 6659 9187 9596 7136 8162 3927 8710 4689 4297 6571 9879 9201 2113 339 5065 8446 3061 284 6576 8540 2177 1372 2022 579 3467 202 2369 8943 9009 4098 2351 8379 3156 9349 795 6550 2229 5589 8072 811 5816 281 6103 2396 5474 550 937 4641 2761 7376 8754 5961 6786 4823 1094 2668 9820 1380 5492 6116 5803 6406 7757 8995 7609 1771 783 5064 8465 8993 8301 6830 6777 9702 6728 2487 6276 1738 4874 4011 1808 6601 8820 5339 5411 9263 5685 1277 1210 1207 6189 7315 9284 2757 264 6650 2694 7164 927 2914 1329 8701 5429 2462 800 3322 9811 3330 7217 9292 5318 4644 9258 1031 6907 7059 5407 526 3734 3424 1964 6784 8689 5103 9160 4871 4124 8245 3880 3018 2265 1830 8421 1222 9033 7263 9404 2323 8489 4083 1855 5489 349 2322 5899 8112 9068 4450 6952 1376 4409 2191 698 4908 594 4261 2731 9882 2842 1805 2580 7787 3312 4807 7930 9987 9418 8625 823 981 5078 4962 1052 9443 5514 4732 8197 848 36 3851 4676 1226 418 6894 3672 4737 663 404 8338 7003 8938 6703 9240 8263 3875 6104 1417 9674 306 5014 4081 8174 7683 6193 2213 9682 6158 212 4424 2034 9451 8299 8077 6062 4836 735 5677 2016 6087 4660 873 8589 899 5423 4683 6525 4543 6962 9561 926 4059 5021 129 8411 7367 2374 1386 7247 2020 362 4322 5543 3489 7460 1923 5770 7685 3933 6365 4273 5498 8117 408 8376 1604 551 478 1410 9174 685 2965 9279 9541 2395 9672 3476 7637 562 2526 4078 9694 3610 7432 8140 6887 2771 9776 8187 7544 2756 7169 7229 5558 7256 5195 7736 4480 2432 9553 6372 1624 6445 200 931 3202 7458 2852 4695 7300 599 3276 9976 4575 2794 6102 5773 5256 148 6327 4160 2599 9493 2126 6200 973 4350 8813 6593 5638 4952 9293 6930 1608 1600 6364 580 532 6100 9333 314 8002 127 9300 837 2434 3795 4679 9391 1848 9505 3653 590 2094 3960 120 4498 6362 2119 8909 3139 2252 1411 799 5798 2400 448 596 6348 2324 4519 7260 9872 8101 7969 2902 6990 5756 8178 4896 6695 9476 8339 8342 2283 3943 2997 2509 8232 2799 483 2233 6312 4971 7162 7938 24 5764 8566 3676 1398 47 1054 4939 719 7215 8806 3103 6961 8895 5057 6289 537 1814 5408 4460 6953 9299 5496 2758 5330 9552 331 7876 6734 6285 6501 8702 1414 1427 5834 2528 1619 4734 4317 9503 253 2164 8979 2172 5841 2478 4601 7486 1810 3323 8402 8510 2919 8403 7679 3439 2128 5051 3572 5110 878 614 2724 9629 5052 8884 5375 7746 7203 2003 7559 4210 4546 8996 6780 3308 2170 1244 5033 5196 6854 729 5723 9225 1869 4551 2386 4115 302 4386 8795 5675 213 8933 345 4262 5461 5164 916 9595 6754 3786 4716 9907 7769 8273 5928 3344 1820 7753 4494 9683 8142 5335 5563 6543 1249 7468 6089 8371 5512 9621 1802 4757 9017 2483 1279 1201 2502 3293 8646 6744 672 3388 557 6575 9025 3235 6889 8311 9912 5615 2966 9387 6484 2898 700 8092 4451 1128 1753 6684 658 493 7363 9415 6733 6367 465 353 3294 4113 6645 5082 7546 2407 2208 6986 7272 6727 9088 5923 768 2892 1235 3296 9798 4655 8910 6574 7114 3040 8383 7763 5707 2993 6626 4930 6994 6972 2824 1733 1396 7936 8587 1650 8244 1806 9355 1976 5309 19 6232 9316 8398 7044 1027 8490 9528 746 1691 8231 3751 2472 5140 7107 1851 8127 4587 9516 7617 1270 651 1135 2285 6126 1776 8770 9188 9638 49 498 4712 1660 8217 646 1640 1400 818 6983 1575 4176 5979 6229 7622 4265 1856 1794 5369 7353 1545 9848 9697 819 2685 5504 2336 8617 6394 5728 8601 8947 5464 9436 3666 9526 1736 8719 2851 2505 9149 4348 3221 8343 5158 5754 7288 7427 7089 6485 9363 6736 3444 3507 9639 6240 1698 7482 354 5837 6487 3919 2628 2920 3781 3754 2479 6309 9666 8435 9711 8124 8851 6076 9886 6110 8364 3857 9035 4826 338 6452 7982 8031 8800 3463 6685 9001 6379 5502 7651 2011 6320 6620 6556 8318 3496 9466 489 8927 5953 884 1991 8348 5997 9103 571 1638 9403 1656 764 8308 2673 3398 5917 3437 3340 7246 7106 5836 8168 7051 6450 7964 5204 5737 2723 8283 5254 8261 5583 2975 2019 1746 4556 6434 782 9878 644 7531 3305 1614 1546 1291 2178 8087 5036 6829 118 7454 900 6567 3764 6520 234 9028 4715 696 8679 1281 9673 5191 6512 5483 5561 8137 2079 9057 8148 6389 648 2368 6055 1512 391 4191 392 6080 1213 414 6976 4090 4153 9490 2977 891 1886 1097 7282 9846 1809 4468 1936 8010 5491 1518 429 4028 7587 948 3742 6991 4843 1916 3199 9428 9990 6058 1014 733 4718 3400 9534 6330 2540 5623 2856 8618 5149 2385 7382 5395 108 5331 4805 4371 7908 5633 7330 9669 4708 9253 8643 9891 1562 3525 2081 3674 4469 3858 9536 229 8235 5968 3297 387 9992 918 1756 2192 5995 9693 6441 5857 6281 4432 2937 9350 360 3916 1072 9222 5460 4515 7948 8464 27 7593 9687 6861 1734 5705 5871 2205 7536 2979 3364 7479 1049 8075 3453 3386 3468 3753 6065 2435 8255 9320 4597 9345 7667 4284 2409 6730 3686 6796 2217 3000 3532 5101 9119 7847 6587 1538 5810 1703 9737 2634 8224 7946 5096 2033 3926 4144 4786 3026 424 7142 3518 2626 7704 8554 9217 6768 7428 9665 9580 7521 1132 8547 7783 2215 6675 8647 1553 2066 7117 2698 761 2504 1192 833 7973 4657 3273 2065 8432 5448 7987 1532 1969 8577 403 751 4517 6707 6665 6475 8997 9456 9095 8027 2206 9926 3010 5717 3255 2220 375 8687 2752 4623 4201 133 7728 5053 9272 6680 7950 4499 9070 7202 9203 71 3885 8062 2248 2608 1144 9955 3584 8105 7320 4351 5356 4864 1322 6421 7233 8226 8732 1262 66 8594 7323 7606 638 9477 1404 7408 7914 6950 3087 2704 8865 980 9559 4314 3492 7394 8769 4828 4087 4260 6671 8680 8760 1847 1712 3520 2819 9801 7378 3270 7084 581 2562 8481 6664 955 1533 9657 6213 7653 7525 2059 6294 4048 7183 1268 7768 3204 3059 4001 864 1817 68 5829 5976 6605 6981 6589 3458 2244 4860 5190 4735 4717 1688 80 3485 9237 9624 5029 8987 5582 9339 9246 1394 7075 7779 5914 5789 3929 2001 5094 9366 1985 7091 7095 8020 7912 2335 647 2269 3794 810 4991 5869 9447 4277 999 7501 5 8493 876 8939 1996 1227 9818 6873 9741 7364 954 2641 2645 2550 7959 2910 2382 668 7286 4456 7720 9115 9779 5326 5170 7173 4452 6356 4694 2854 6494 9700 9735 3939 2256 2071 7329 2802 2808 8639 1953 5610 3024 1702 4186 4231 872 192 8559 4941 961 5925 968 1284 6480 1051 1586 9209 6573 5227 9163 2147 8237 486 1271 743 3941 8133 2816 9812 7245 3870 5897 6374 9156 2754 7657 2710 8116 7506 3346 164 9599 1525 3922 2841 2577 3410 1556 2169 329 2579 3269 3508 2876 1870 6377 2173 2679 9042 1563 5738 5306 6766 7471 1419 9576 1321 204 8891 9492 6466 3244 1487 5811 3505 5091 2057 2820 4947 2453 8173 4959 3828 4751 9690 8281 6460 4243 7999 8662 503 8683 1241 5952 5537 4108 7410 9338 5532 2221 2680 9274 7278 4101 8758 4916 3577 8637 9802 5915 9546 1947 5018 4125 909 3011 8860 3028 3430 1914 3573 3426 561 1841 6860 3867 1692 5221 9728 3369 3008 5084 2135 7562 5362 7926 978 1904 1266 3634 1448 2891 3471 2677 9234 7375 5639 3275 2551 7877 2727 3138 7484 3994 4235 3964 6989 1303 8074 2391 4811 5368 8804 2002 8044 1917 6547 7249 3257 4483 2855 924 5511 4457 9230 1730 5517 6018 4064 2118 7250 666 5619 6759 4406 3465 366 8188 5454 9568 114 5055 6934 1343 1137 2730 8747 742 9676 3482 3428 2111 951 7435 9080 3893 9858 9988 7716 2745 69 1470 5631 1208 5074 5980 4640 4898 5480 5533 4237 249 4333 5653 271 6258 9680 5951 5372 9757 1212 5028 9213 6419 7131 4558 2161 6586 5838 3165 2849 2538 7358 9537 7785 5565 6059 351 6561 7836 1539 4181 2547 7277 5714 9783 5987 3687 1970 7518 1274 6941 9278 1075 9262 172 2227 2695 3174 74 9619 7349 7283 530 5572 8130 7863 174 6964 1465 6196 8575 1255 2938 6317 3855 9706 7029 4362 3292 2450 28 4513 4 4980 7230 3681 3877 8138 42 5791 9633 2423 6560 2839 5290 5121 3393 9504 3909 9374 3643 7478 3900 655 6509 3660 3226 8495 6579 5611 5117 7344 125 2897 5332 1824 9265 3343 12 8392 8694 376 8843 9065 3413 3091 4639 2782 8766 4013 5672 4444 6641 7502 9900 8049 8115 3695 4806 3074 2167 7821 8717 7227 4700 9064 84 4755 704 321 8734 1724 7244 2426 3236 2625 2618 396 5629 9889 4082 2274 3876 1348 1106 9448 3151 6872 7615 1295 3163 2572 597 3845 3180 485 3730 784 4502 5666 6592 9508 4102 1391 5442 5875 4642 6582 3976 5732 9645 6444 516 5724 4510 7423 1157 4205 2715 5477 7100 4063 8426 3595 5994 1257 5696 9550 3205 393 6442 2639 4674 5075 2716 4659 3470 3567 9411 9227 3333 8749 8345 546 6519 4092 3128 6461 9105 2388 8293 8591 9357 2973 4532 2025 4034 9083 1112 659 261 5171 1890 4847 7758 1942 9251 9656 6557 1467 5374 9002 2043 5197 14 8305 640 9220 3342 1498 3288 3127 3737 3192 3190 8026 8022 8248 687 9772 4974 7967 2373 450 2345 6656 8003 7103 1672 75 7420 3710 4530 9439 1988 9268 269 7889 2174 5440 8480 2940 536 6497 3912 2791 6607 4645 9058 805 7528 6644 8325 4382 7085 9135 6865 786 8935 4119 8532 2651 9452 3948 3267 2168 9282 3803 5299 330 4037 3290 1328 2086 9662 2165 9962 3850 4977 9438 7166 4372 1425 289 5205 8395 1155 6230 3917 4724 5297 8418 6170 312 5361 3798 7153 9463 8863 5819 4524 4766 7258 4685 774 9792 4900 1205 8097 4378 254 9016 6008 501 1837 3319 2176 4286 2593 1853 7917 5842 6732 713 3996 5466 3630 8001 5061 4370 3417 8808 2475 7738 1857 7149 7009 6673 2709 6323 7731 6462 8675 5793 9876 3055 9006 4105 2779 3233 6191 7885 5566 7167 5567 7019 4957 6305 3164 5216 4772 7703 8893 678 7664 6749 7861 6785 8265 508 5376 7442 8460 506 616 8905 2713 8387 7190 714 9555 2257 8412 9893 1494 3341 2401 7689 3049 3740 8207 4699 9390 829 9810 2787 4949 9736 9211 4943 6198 3050 539 7823 940 6449 4490 689 4254 8696 4035 4094 3302 1921 4484 4615 5129 6163 5206 7093 2875 3800 1551 8539 8453 3282 9844 759 1651 3258 3179 7962 7480 1992 7055 5719 1134 7616 7744 6001 5320 34 1445 4251 6559 9691 9837 7750 1655 6407 6236 2359 7934 8367 1034 6773 3408 8459 7497 894 7602 10 3488 171 9425 6967 8502 7523 5545 5956 4238 8592 7453 2976 8058 1063 4050 7828 547 4252 8961 9686 9567 7463 1103 9298 3648 5130 9310 8366 1934 5933 4784 3772 3667 5569 9500 7119 37 9965 3355 9562 6623 4275 6937 7591 3071 5478 1239 3497 9738 208 2688 2560 6326 8012 3832 111 2906 1634 3823 7305 9229 6881 3216 4536 3608 7935 3639 3853 2266 2904 8672 726 8368 9632 5772 1423 3726 159 3774 962 3509 1062 3816 2036 552 2223 3429 6936 2454 4418 2313 15 9412 9754 6604 8380 1822 8731 274 2994 9118 2549 4407 6748 6123 2149 7800 604 573 4824 7911 5308 4353 9449 1482 2446 9838 4239 7477 7913 5910 4933 7549 6290 9458 991 4813 2236 6541 287 4167 2912 9519 4648 5015 6127 3116 2846 6425 3401 2595 5881 6311 2878 3486 3646 1543 313 2316 6352 1477 7160 7765 3434 8315 8159 6491 7061 1735 7301 3281 9376 3307 6691 4449 1582 5965 9472 5628 7235 4778 5559 226 5167 61 515 2573 4223 5370 7532 368 8032 9423 5449 3374 5093 9133 9491 4103 6187 6050 8798 2627 4533 9805 6790 7739 3085 1813 4594 4631 1238 7370 6917 3280 1170 2567 9610 5343 9348 3351 7491 8337 4616 6039 4668 4713 5147 3121 3016 4106 1302 320 9506 5708 4486 7807 652 1962 3097 5255 8908 6324 3835 9572 8351 7947 3947 6931 8382 6056 7825 6770 4309 8240 8451 5774 8977 8796 5662 7159 5378 3135 5593 1020 2186 1120 4773 8323 8567 555 3043 4967 4960 1902 3954 1587 4136 5879 7335 3515 6334 3251 9170 5394 5579 6349 919 8258 1024 1193 3469 3918 2738 7830 194 2609 620 8753 2735 6257 588 6046 9938 727 3114 6554 17 2652 2901 3725 6764 4074 8876 624 3997 6757 9602 6769 3557 8455 3211 2114 8375 3405 8957 5945 6490 9445 2911 5720 307 8812 3571 1549 9958 3553 8141 9626 8588 3978 4562 5393 8619 1811 832 4574 5826 7309 5341 1454 6725 4477 3787 21 72 2575 8903 6918 5894 6524 1502 2984 9593 5207 8919 2515 6081 442 587 3574 6847 2653 5139 1695 7718 5294 3591 5896 7504 5802 8785 1825 6982 4007 8282 1646 6755 4592 4663 4730 6528 564 4197 7941 1003 5199 6938 8214 7579 3073 903 8598 488 8295 6564 2781 7063 2810 8094 2466 9026 2314 6428 9307 2486 2153 5538 7240 992 908 8145 5812 7007 9369 9643 6117 3094 4520 1370 7316 4258 9034 3228 9732 6 7318 7909 3214 8078 2098 5291 161 7844 1783 5302 1180 7542 972 7134 5453 4888 2711 5948 3807 4794 8233 3865 8448 7820 2860 794 6423 7773 8328 8025 8320 943 6247 9169 9324 1617 5234 1437 1232 3874 1148 2990 8885 6263 5016 5649 4763 1133 1156 468 6832 5365 4895 4972 2108 7200 2582 9050 1590 8526 6719 5289 8107 8638 707 8494 434 6615 8899 1119 7766 4788 5355 1068 2320 7307 9373 2890 8693 5938 8183 7968 2909 6368 8501 4553 4549 889 5420 1181 2064 1793 8686 4743 9841 6083 8457 9796 1915 1455 4429 9921 6060 7380 5556 4837 8406 1581 2624 7723 5437 3100 3223 9589 2132 2948 7985 455 5898 2152 168 8093 9745 7880 6254 7719 4666 243 1276 6715 3620 8715 4268 7314 2517 5682 3168 6896 958 6495 2869 8199 3259 5839 8906 9642 1264 5694 7995 2378 1294 7469 8194 4000 9457 1616 4942 4047 8519 3404 4159 2436 8665 92 3524 5128 4355 5813 5796 4341 688 2078 2194 5930 9098 6771 5624 2054 5236 1965 5182 4904 437 3628 2520 8671 8206 3635 4935 776 4157 1171 6147 7722 5616 6006 6831 7643 4255 4880 5153 8329 8477 3836 8750 8419 1430 7251 8042 1483 3371 4332 4380 8358 8528 4678 4293 6179 4408 5597 4139 2230 7530 6063 9377 3394 1559 292 583 639 2286 8879 228 7541 6833 4821 2415 8875 886 3466 2458 6049 7470 8013 7379 8611 3838 3113 79 8040 1127 2845 2525 8291 153 1812 5273 8352 446 4789 5076 4740 5534 5782 6219 6266 3911 881 9480 5104 9661 5634 1884 5403 3451 9764 1004 1166 6820 2387 4691 7508 5390 8513 9966 4259 9636 9336 2179 51 2576 6875 5626 8247 3691 8711 4472 2706 4070 6459 8882 9835 8427 8620 5280 8664 5570 476 607 9393 8645 4404 3473 4339 9291 3252 1993 4856 1839 241 1887 6613 2777 6899 2162 7214 2928 656 5108 1466 8572 8913 8466 9236 5751 4596 1061 9834 1378 3441 5266 9914 2925 7552 6712 1484 1121 6316 9414 5443 3445 4603 4307 4466 4591 7509 3582 7878 6344 6415 277 7688 2967 8434 2364 5400 914 7311 439 2922 5298 8941 4178 7831 3191 8110 1091 9250 4913 1571 2268 1952 8738 2012 804 8131 7120 1602 2372 9471 9200 4733 4774 3064 7331 2917 5263 6432 1045 507 1359 6878 2333 7883 5860 9049 1397 3166 4803 3083 3378 7997 5854 6313 6544 5862 8000 5201 4387 5721 2145 5998 3360 6429 5155 107 3680 1479 5131 865 9943 8932 8279 3338 385 2367 4654 4005 5515 5602 7558 4016 8218 3840 7184 3961 1879 6392 9257 5742 862 6453 9995 8045 5150 2445 1564 4672 9513 2511 2983 6747 7206 6807 1159 4057 9646 5715 4727 246 4928 6563 106 1550 4646 5620 9963 5350 982 4882 1323 1116 970 8393 3032 8915 3950 193 491 122 6818 3057 6265 9723 2473 6693 2026 5145 932 1108 7749 1501 7630 9767 9851 6903 949 1369 7429 7848 6238 1409 9768 6386 3796 1275 2848 1248 1983 1353 5598 2058 4303 95 9547 6874 6173 8505 3337 6433 6002 3037 2539 4100 215 4584 5568 7006 6499 7457 9331 5431 4956 712 2646 9871 7865 9952 6965 9215 2272 7592 5232 9936 3225 1986 6031 3841 2063 6945 6077 5530 4581 7920 5351 3570 6514 1831 2519 6624 5089 7931 9930 8316 3041 3944 5242 5747 5438 9863 2981 8706 3878 8128 7172 6014 7050 5761 4430 9184 5769 6350 3042 8584 758 9308 6761 9053 5160 9496 8726 6504 3703 4462 6902 2807 7767 9539 5168 7196 6399 6539 527 3913 6704 8975 2325 3472 5916 8527 3599 2952 3561 4940 7516 2736 3993 459 7686 2199 9219 2734 6740 8223 682 9569 3984 8518 199 6718 1938 3602 538 4329 4798 8330 1894 4315 141 8994 1829 3693 4917 6020 2885 907 7474 340 1469 7545 7150 1415 6027 9917 4667 5389 1714 4211 4965 359 3219 6618 2853 3504 2201 7386 8250 5123 8857 9894 754 3143 7017 3979 4923 8983 5954 7601 866 2321 9347 4114 5832 6122 879 9977 827 9191 5536 1893 7161 4563 7111 3207 1922 6318 2127 5671 6346 2722 6621 8479 4560 7709 4979 6666 6871 173 6775 6363 3436 4215 1975 7237 8260 4883 4089 5650 3237 3315 9817 4901 9145 6108 8728 7887 2817 7366 444 1185 9018 6016 4545 7052 1740 8422 4142 6985 3397 6674 7673 1243 2884 5557 3776 2527 217 7642 2649 9375 8024 2615 5847 6382 1671 6925 2009 6143 9032 7966 1101 3268 9517 676 6218 1625 5815 4790 9276 4381 8278 2467 4954 7808 9710 7855 3719 5321 7143 56 7846 2431 7080 7312 7812 3657 5702 3540 2836 9014 5059 7199 5576 5397 1334 9606 9617 8921 4599 3 155 6662 5596 3986 7711 2438 9905 6772 7881 4004 7980 6013 3716 2764 8230 5166 5992 3784 4017 4085 8314 2117 9289 3633 5314 4411 1240 767 4327 2789 3120 2143 7652 23 2259 7302 170 2670 431 9126 2871 802 1461 7447 9935 3004 7564 3970 2658 1630 5439 4188 8336 3689 568 1592 3326 5977 4150 2798 8200 6197 2419 3744 7680 46 942 6851 3025 2880 1102 6642 6278 1845 5906 2183 6867 7158 1352 7487 6410 8474 7094 9322 5520 2234 2964 441 5417 3175 4301 5063 322 8944 4552 6481 5776 9604 3349 7697 2200 4488 665 8632 1015 7031 4384 2136 40 3999 7078 7146 6959 6446 2568 4832 7043 6251 8955 2087 9786 1067 7208 7259 5571 9089 8959 4809 2347 9043 3350 887 1333 2225 8585 1136 7383 5380 2072 2896 150 8739 8801 3654 803 5379 8428 2972 4170 8333 3046 5689 8676 6146 5970 9286 176 8487 734 5373 1597 6454 6267 1349 6457 1389 1700 6138 8937 9223 563 9533 7197 8100 9198 8008 1187 1768 1786 5000 5840 5637 960 3022 8086 5991 523 9335 7492 7072 4884 2742 1609 5713 8242 7248 8313 3614 6207 4542 1195 7625 601 8437 7342 3717 4289 1340 8752 1416 9850 5822 5828 5564 9523 2732 151 542 7687 1959 1289 290 3767 2886 3797 6879 8449 7 3758 1612 615 4232 2456 4434 3863 4754 793 996 1384 4741 4415 901 9392 7023 8982 9093 6302 3122 514 490 3761 1832 4853 8562 7362 1547 5305 8296 9989 5893 8877 3215 2271 7827 2495 6286 8095 9901 9887 1017 6422 2859 6821 295 286 379 7297 1956 4796 8613 5693 7588 3286 6181 8220 4060 6826 998 4867 1819 8631 1643 6883 9238 7336 9182 4056 6809 705 6340 8016 2818 7187 6482 5086 6531 2311 7534 5262 399 3147 1816 7147 5364 3562 6025 4818 9148 3586 9092 7834 373 3144 3145 7421 788 6969 1219 8954 3460 6271 4335 7025 3854 3232 7360 7505 8193 4204 1531 2253 334 519 2857 1431 1836 5173 9529 9321 855 6328 1507 5194 3658 2037 1104 7105 6017 1432 7793 6029 4834 3552 3382 2224 7816 3435 4731 6228 2312 8700 8438 3327 4745 2643 8300 3547 4367 834 2629 9368 6763 5950 420 4934 4163 5580 4300 5276 1452 4024 139 830 2242 5501 717 5344 4479 1739 5617 1606 5547 1083 7993 1889 8761 2889 4316 5384 1065 2523 4435 4361 7384 124 8596 6752 4527 9020 2157 8848 1631 4151 1760 2104 6283 4544 2392 5434 5247 3490 5340 3712 925 63 9495 4924 2144 3425 2638 4337 5237 3529 7102 397 1971 1040 8420 2672 9518 1320 1298 8531 7898 1209 3579 4776 471 9459 7824 6239 9207 4953 4447 7612 2792 5177 844 8488 2017 2827 5152 1557 7016 5676 6683 8557 5252 7943 3707 3109 9271 3027 337 1905 223 6737 510 5830 5213 953 4458 8544 7327 8782 4096 1748 4738 3348 2047 5345 4729 6465 4990 9132 6625 9494 9055 9830 136 5927 7814 6217 7916 9150 9967 3756 6751 2788 6136 1589 3820 518 4662 2295 9130 9290 59 9474 3123 9269 2023 8243 4627 766 5319 8472 4454 2465 4829 6795 5134 3915 3645 3928 5767 9724 7866 8089 4973 2650 1632 3070 6225 1269 8169 3381 4559 7406 4395 5553 6347 4905 9073 8623 5711 5143 3558 8158 3808 2380 6789 2555 1937 701 9143 8122 5493 6639 4129 1508 5241 928 560 3637 9699 6745 2354 6758 1791 3973 9161 8771 2329 4686 2553 3090 8916 7933 149 8788 1184 6333 566 2929 6404 9620 1203 6518 5186 3065 1773 6043 1840 9788 5329 4445 6647 9574 947 994 9956 45 3600 6448 9147 5605 3058 553 8628 8815 4705 2000 7949 2334 8272 9085 4391 4044 3099 3724 9949 4985 3826 7255 4161 8578 9367 211 9413 1514 4272 5328 496 3222 6866 2427 5265 7033 1146 8198 3480 4932 9242 8807 5983 5032 6609 7838 4893 3132 8386 8028 3825 504 2524 4080 8297 7700 1260 9084 3812 5859 8790 9892 3372 816 4496 5421 9911 1360 9586 4759 3780 5680 7597 6753 1918 4169 3054 574 6341 7069 3186 5962 8773 4180 2766 6993 3036 7126 9689 1139 1728 9970 9248 9031 5267 9399 8029 828 1356 7101 7777 3129 3731 2440 2046 9340 5073 3962 4629 8755 2341 3955 6339 3224 5718 4844 3142 7578 3677 3957 529 1150 2492 4183 5669 1476 3889 5278 522 2270 184 4643 3494 1044 4511 540 797 135 9039 1906 6669 3316 6223 3514 2457 8 4271 3189 671 1509 9565 2337 8515 5757 5427 7555 1390 9587 5070 1368 6515 2767 7020 3104 3038 453 6702 2676 7640 3898 365 9759 8780 6565 3345 2693 5967 487 9929 77 1050 4287 7128 1949 1669 1567 1251 5396 499 7310 8880 1623 3802 258 4573 4052 3728 2743 3047 2110 227 195 3409 3696 4321 6244 64 4771 611 7176 8236 3678 915 9429 3177 2970 8067 2421 475 1536 9475 6939 4123 1028 7195 1496 4474 789 6384 4375 8225 6337 7392 6549 9823 165 7547 1787 9313 3301 8184 5539 2642 2512 9826 8473 6720 7434 5452 7940 2918 5046 3299 1687 3735 3263 9720 9975 5522 8167 1799 6064 2083 9808 1071 3930 8388 3134 4410 4994 5224 1023 6483 7221 4045 9899 6007 4390 6132 9294 6805 5311 3017 9146 2490 7108 6583 5535 5045 7557 9027 5497 3392 1164 2674 425 1421 1099 1214 7513 9845 9785 5269 3020 6045 9180 2030 8407 3158 6690 4927 9934 7032 4637 3200 602 6638 8054 7099 2226 1523 6569 5484 8656 1844 7058 9304 2521 1763 6111 3117 2935 8642 6203 3852 3521 7791 2464 4127 6926 4495 1186 7751 1618 8287 5957 1025 3076 9312 5259 4345 7294 762 8763 3183 9359 2531 7923 2105 5902 9168 4264 1073 6292 910 670 9077 4282 8463 7404 2327 4027 9931 6164 1110 9378 1153 5060 8309 5943 9121 6849 5003 3115 5656 2503 7452 2356 4673 9922 6606 2106 1225 260 1828 4590 3779 5391 9749 3938 2305 473 9424 5142 6409 2237 5908 2340 8690 5643 121 3021 3659 7748 2703 5482 9341 4521 8153 8408 3609 333 4216 8764 8166 5068 6722 9245 3261 7569 6177 1540 57 1527 3799 4846 2204 8744 9022 7337 1468 4279 3411 4514 7607 5208 3914 8471 2812 1147 4162 4938 8249 7681 9973 6079 3868 4633 9515 305 3563 5349 6570 8635 6387 6288 4670 3266 1928 7998 1939 2518 180 6870 3668 5080 3849 4031 5011 4377 5279 4212 9287 7692 1803 5113 7389 1726 7627 1696 2014 3513 8276 8887 5833 7074 9228 2630 744 1154 5691 5334 7437 6184 2597 2089 8781 7890 3983 9888 3673 565 4148 9090 422 4220 4267 5083 2497 9520 1897 370 3989 8454 3991 1489 5507 5455 921 6532 7519 6929 7712 4561 8743 2384 3688 7483 7628 7062 430 3279 9532 2508 8917 4919 2740 9865 7899 3108 8652 6900 3096 1405 635 4911 781 4453 4719 2250 3012 272 6859 5606 4753 835 3031 9216 3503 8864 9478 1079 9426 8228 9780 8616 2870 6998 2029 8668 9540 6221 8834 4122 7222 9979 4920 9862 3623 6166 2460 7385 4075 2342 598 586 8674 65 1191 2484 438 2833 30 2494 9190 3932 657 9781 6788 5625 7182 7706 5179 2062 7445 2468 285 1572 4609 9542 1599 9123 7802 9716 7424 8108 166 8925 3124 6211 1626 7672 3949 1497 1080 5552 3171 7071 4781 6760 9129 1335 6366 7524 9125 235 9774 1442 7784 9933 5703 5116 2310 2319 4800 9701 5595 4399 2246 5985 7144 6812 6075 454 5097 8152 3829 4172 367 5360 2822 5844 7001 7339 336 6804 1026 2945 1578 1628 2350 5586 5041 8485 6599 2613 5882 5348 4385 1823 6426 4578 2218 7395 7726 8663 2060 8354 9261 7737 1488 8777 2719 9199 9326 1217 8274 4111 8252 5921 6381 969 1345 4062 2489 1729 5416 4572 9044 9778 2097 2992 7104 4285 775 9433 2439 113 6710 5458 9124 577 1069 29 1679 2924 2276 3611 3262 5640 3581 2936 882 8268 679 1873 3053 1190 4814 7886 4840 7907 8442 7761 1596 1686 7945 6811 3384 7037 3339 3844 8890 5594 9721 5377 4564 2281 9233 7620 5729 7198 5865 3626 4376 6974 4669 7994 2232 8605 8786 9635 3248 9280 230 9468 5799 7896 7234 8901 1980 1885 906 1066 1435 7566 5248 1278 5655 4862 4849 4978 6052 4583 5550 814 2422 4189 7332 6303 9183 6627 5485 6971 5157 4570 220 6212 2216 369 6216 4621 4283 1388 7168 25 466 1504 669 6717 1202 4426 4199 9959 9996 7663 464 7641 3622 9514 6427 8441 7191 2953 6920 2190 7177 6322 7401 3419 3675 8038 2051 3155 1313 2535 3935 8555 7226 252 8090 5225 6794 2729 8845 4975 7139 3420 7188 8833 1458 7891 6864 5849 9588 5323 9860 8802 6268 8871 4323 9747 4487 3253 31 6594 5697 3194 7668 8284 4830 9048 8126 3161 9202 8417 1492 7397 5111 6823 8307 7317 1043 8144 8541 2214 4595 3431 5683 2893 854 3150 1899 3598 2416 2583 8390 5253 427 8302 8030 965 3535 4187 4808 545 3684 7132 4964 897 1769 8791 6467 5641 708 7303 1653 8070 2018 8759 975 4752 5900 1737 7261 1018 1838 4858 7658 7125 5226 820 8970 9664 8545 5890 842 9563 6511 2961 7213 8469 2571 4461 1927 4792 7614 8372 1189 3925 1317 3159 8221 3589 244 1152 5645 6909 5436 5010 8902 7619 2413 8858 8055 1530 9176 3188 5846 5560 4987 4585 1140 251 5410 1029 4166 2872 1658 4042 1344 4677 8129 9239 2330 1160 6551 1439 1994 643 9315 6643 6919 1163 1387 1909 4357 6156 7262 6610 6776 6412 3056 7929 5473 2563 6782 1607 1548 7792 4652 1954 7148 2801 5185 1524 9857 6630 2038 9288 6273 2507 4071 4747 7076 8586 9727 5039 2556 1883 7727 2412 8839 7494 7708 6886 8718 2452 5827 7636 9679 2263 1350 394 8649 1950 2600 3379 7038 630 9275 7857 5733 6180 3446 6649 8270 7110 6141 6954 2088 2241 5821 9396 9381 4944 1169 1868 8688 3951 3705 4617 3274 6657 9681 582 417 4819 1463 1968 5432 7669 9078 6162 3238 2061 4876 1984 5387 2481 7895 6655 9330 1752 6345 4963 8327 1704 9252 3367 7239 8415 3450 9402 9056 8529 1406 2399 8056 9421 9675 8483 3196 4509 9173 1944 1122 9408 4233 1583 8357 2543 2417 4810 7113 4783 1234 5317 549 4649 3952 2586 6071 9548 3447 9726 5674 1457 7695 1393 9450 288 4780 8239 5071 6152 9873 9640 2823 8610 8290 2390 4174 9985 4359 182 3694 5687 1246 472 6437 1574 9968 5027 2469 8561 5609 8900 7626 372 324 5546 5824 2622 4165 9104 8582 9971 1057 3998 2988 3389 7974 7348 2612 4274 7610 5347 8303 3837 3640 5047 6617 3491 5743 1354 3749 912 4396 7608 8735 1732 1645 346 1644 8213 5288 7696 8073 7253 7963 4137 5425 6781 7576 8873 7415 224 5042 8952 809 4764 8185 3005 2448 1722 3813 4565 7488 7201 9454 8974 778 4365 3566 1615 9782 458 9283 9625 128 3888 6636 3590 9755 5651 6778 5125 6262 920 1948 6824 1647 1707 3203 3575 4412 2443 856 4997 5412 4208 1641 649 6584 9398 4760 5316 8370 8809 1743 8205 3569 7535 1541 7882 8035 3527 8682 7448 1283 8500 2956 5359 5912 8157 3738 1552 6975 5404 4476 1310 1325 143 9440 6949 9819 7430 6416 7694 7030 3963 9718 8456 4710 9301 3182 3455 2941 6393 1833 8048 6723 8536 3365 853 5904 1444 7540 5750 154 6105 1254 8322 2235 8948 2338 7186 6078 4296 3757 4492 1032 1447 9916 8334 8714 5285 1930 1510 3846 531 4827 7264 7036 8811 8898 1424 6234 7944 1717 5315 8574 3778 7581 8936 4091 7925 5118 8912 5630 622 9409 6137 770 8824 7811 9637 4970 9998 6581 2784 9814 4647 8793 6779 1591 2654 9994 4825 6469 4459 6479 5124 1720 3736 3314 8803 4358 6124 6405 4931 3899 7832 752 993 406 7770 2714 769 3892 7387 1361 100 3169 2725 2273 8492 7797 7845 8990 7174 2279 7236 3968 3068 1087 364 7921 6995 1300 8736 9969 5169 636 3212 2879 4983 1637 1316 4577 13 5600 8666 3934 512 7352 2796 3358 7960 2070 4614 8784 9038 2249 4684 6963 9365 1123 9255 3077 7000 4306 9462 9809 270 7732 3638 4746 5744 214 7232 4471 7517 361 7451 8779 5422 6635 7441 5100 5523 2933 839 5806 7806 5845 4598 9024 4067 5903 3824 1420 5450 3502 1846 4968 384 4918 9594 4606 6891 9613 7004 6721 6451 4547 4765 2667 2772 1649 9178 4464 9419 8175 6361 1940 6816 7118 7121 9564 7756 2251 543 3284 4859 4312 8537 8486 567 2708 4278 1896 7391 4076 6522 5218 5399 9356 296 710 3478 9692 686 8765 342 957 9030 5239 1105 7837 2410 8423 5873 6633 1990 4437 7538 8391 8856 7730 7904 5918 1925 3208 613 2307 2985 7024 684 7864 7026 402 9909 316 8246 9712 1880 1315 2958 585 4854 4899 247 6797 1377 3873 6862 1336 1749 3564 3126 608 3229 6904 5385 3414 8331 1972 946 7185 3791 7710 6714 1761 2648 8476 1677 9902 4190 5528 1907 3125 1035 7157 3069 8924 3356 1818 5878 497 8120 6119 3185 3897 1537 8546 3118 2299 1528 642 6128 2741 1529 6035 6687 3723 303 5548 1443 9379 2584 5233 6966 2663 4912 219 8266 3209 6214 6155 1665 722 3033 7715 7561 1474 3771 7171 9012 8043 8046 8866 5831 6157 1973 5275 7130 9087 7849 7671 1019 9951 9799 3748 4535 6226 201 721 1373 9773 6255 8751 6863 3254 8154 1515 1341 117 2289 6935 4343 7595 6844 7425 1086 4632 6038 8958 4336 7407 2594 6540 423 9007 2899 3721 1165 2290 8904 1005 4217 1408 2656 157 7893 9734 6342 327 2496 5456 8720 5246 5935 3487 6270 6335 9072 785 3568 5235 3304 4218 5922 3464 6148 9670 3530 2355 4711 3377 5516 4903 3745 2124 8498 395 5622 1426 3923 1759 3670 8571 8076 8516 5401 8725 3241 2069 3442 6085 9037 4368 3456 8727 3247 6378 4516 2146 4214 5670 5172 5726 2491 2566 9832 89 6357 8560 5755 2748 6125 6697 7942 9831 692 7809 6222 5342 7065 9883 9869 5088 5002 1742 6653 3931 9435 3112 7598 612 5200 9281 8365 4088 1371 2843 728 8627 715 5701 4097 2712 8953 695 2425 9196 863 469 8349 6503 8608 88 5982 6679 4626 8940 5447 98 2954 4184 2778 8499 9256 694 6806 3243 7633 3953 190 7338 2175 868 6456 5823 5990 629 6120 772 963 494 3879 5975 6047 86 5786 4915 680 8524 1966 9578 3936 6651 9807 3240 885 187 3750 8576 7081 8579 7647 5322 2292 9641 1149 9297 8740 5866 1306 1744 5644 7955 9244 7270 4787 3089 8484 1766 5293 5228 16 5518 8787 6130 5050 9842 5942 8104 1286 4033 6756 2158 1008 3766 1636 9388 709 4664 7224 398 6855 9097 1951 2866 9597 4402 6418 3107 7634 4873 1576 1861 5986 3827 5325 7852 7910 9650 7813 5119 7021 1451 5876 7901 4224 7981 677 1721 9120 4320 401 8923 5584 3773 4304 7803 5647 4770 2035 5490 1903 9302 3003 7932 6955 1635 3475 7786 6836 7690 3793 807 4010 482 7273 3506 6542 9264 5245 8722 3448 1957 905 1095 1221 3910 5017 7088 4438 2116 3511 9793 8212 2291 8673 5240 4394 4118 2318 1318 5999 4236 2182 986 2701 1319 7399 4363 509 3536 8444 9224 702 8733 8155 2565 1 3765 9545 2360 5211 2888 6527 5312 9066 736 7778 2437 2180 3272 4736 8288 2986 8580 410 3833 5435 5067 3762 7347 4602 7359 9214 5526 6698 278 801 8123 5392 7854 3249 4489 1775 205 6021 7046 1882 197 7324 3848 9655 4785 5775 1440 9628 1664 3664 1259 2463 3782 7648 6876 70 323 1750 2903 9961 9521 6729 1053 3093 706 890 9750 3607 9731 528 5926 2449 6053 5635 2923 3669 6960 6895 9919 1198 821 2430 2379 6911 8014 6385 7851 4671 7952 8945 6940 1566 9487 5777 146 5500 5188 2581 8196 843 6905 4593 4280 1701 9600 6912 2141 300 1652 3331 1064 7650 2294 5886 3594 6910 1987 6101 6637 1765 718 2366 2662 3477 2120 9497 5120 7957 3019 7527 2049 3956 8033 4015 822 7265 9192 5087 9186 2533 5540 9980 4504 3545 617 492 6308 6928 3699 6546 7971 5102 8609 8830 2408 3403 2955 415 112 1261 5031 8986 6857 2760 3768 6411 4038 3245 3538 4241 6086 9195 8934 6892 4625 8667 8626 4620 147 5481 6608 4681 7611 1751 3154 3692 1859 7554 1517 2561 7057 6536 5679 2211 2844 2377 5599 5471 4288 2397 5044 343 3063 8497 2480 1955 2277 950 1667 140 8186 7815 2282 7903 5934 1267 8508 5947 7956 2131 7393 1392 8972 2790 2493 9100 8377 716 2134 6473 1013 7243 191 2280 4870 183 9112 9003 7740 8595 6813 4850 9729 8897 7662 6701 6414 5085 9319 2115 5444 5313 8612 3593 9816 298 777 4816 2516 6395 3060 5525 6496 2617 5156 851 6901 7028 7850 5270 2942 7892 5354 9530 7140 9789 5220 3995 3596 5025 5040 6869 4383 18 3856 1598 5804 236 7789 3814 2835 2080 8999 257 4779 216 8685 2095 880 3289 2666 2644 1865 5295 1006 747 1908 105 888 2915 4227 3869 2353 7377 6474 8814 2614 9770 6906 2133 3383 7872 2073 6629 2488 7621 7396 6958 7678 8171 4023 7951 4742 4768 9558 9483 2202 1913 3965 2304 9557 4245 9208 1481 6269 6468 983 5851 6529 7714 2045 7972 5457 9364 9618 4441 6852 1758 83 8177 5937 3516 966 9128 5287 9117 2031 7512 5981 9906 9611 2587 5133 2306 8548 1755 8964 541 7817 1520 5736 9371 7138 319 6227 8306 1516 5978 2536 8742 7698 2328 5706 54 1499 5861 5138 2542 2055 7666 3246 1935 2865 3443 6598 3352 7216 8859 9864 2603 6161 1621 569 3098 8850 332 6287 6488 1685 5127 8556 1299 207 7979 626 6603 2433 481 1296 4053 913 4021 6997 2171 5636 3708 1711 6538 7371 2619 7341 9318 104 9791 1519 4891 3605 3741 1475 3376 4501 1151 3706 7459 5874 4398 2247 6850 3972 2181 6827 2499 6537 3459 9671 265 4589 7112 8405 4369 6765 5521 6321 2793 1723 637 1891 9397 6810 2053 7699 1162 7725 4389 5969 7398 2287 6069 7086 9993 1010 7455 8816 697 1585 1788 7014 9010 4894 5907 6588 457 2121 5877 6040 2308 4291 8396 8861 2834 7368 4607 3714 4841 8849 4550 2076 5141 3871 3160 4812 6915 3481 1324 4334 3882 1200 3697 5462 8096 9763 5607 1974 1197 8425 4866 413 3141 664 9549 2996 9011 109 3264 7755 8251 7884 922 3197 461 416 4557 9881 4425 4077 1849 3698 3271 5303 6838 1731 2744 8208 6858 6424 4018 5479 3285 5163 4420 9249 9465 2635 6241 9479 5106 1367 1792 1834 3539 8034 3560 3088 6112 1363 5388 936 1287 1757 7082 8630 1223 1999 6159 3531 9652 956 841 6375 8971 9794 240 2607 4179 5054 1382 8600 4041 5887 3462 4534 2705 1247 6814 7693 9583 849 5135 7989 5081 5704 9827 1428 892 474 8950 3082 2394 189 7271 7567 181 3815 3528 859 3234 7870 3328 2 1383 1699 7008 2883 1827 7577 8363 9703 1265 2375 2052 8286 4006 9140 7042 5476 5402 4400 9758 2459 3722 852 5486 4209 6299 2405 893 7412 1000 9797 5137 2376 8506 7212 7873 3685 7840 5960 4030 4058 3822 3283 6622 2589 8384 3277 3629 8356 1800 9756 5932 2991 6984 7596 4889 2803 9631 4171 3760 7762 8394 8209 4443 2569 1555 5451 5284 836 3810 1301 9884 985 7510 9075 1453 4721 623 1085 1629 7580 3133 760 8703 2315 6970 374 7381 5608 462 8210 3988 3544 4338 7988 137 5183 9510 4538 4958 9885 787 6118 1441 1433 2829 4393 988 825 2219 294 6724 381 845 4112 4961 5381 2963 5304 505 8083 1130 1779 8650 3172 8886 9833 3499 8491 4505 6096 6880 5004 7983 4302 5549 6677 8190 3449 1561 2541 4714 5414 6094 4009 7958 2188 7560 20 9008 3368 7859 7922 7919 1339 4012 4276 4025 3652 6202 3023 5731 3861 123 8657 8525 4906 6183 8847 3842 419 838 9771 5095 3318 9389 8658 5785 2950 9859 2442 2476 7179 4993 6011 1332 3250 4026 2926 9543 8179 1693 4851 5668 8721 9091 9060 6676 4281 7070 38 5901 1412 1706 1309 2773 2939 3606 8051 7618 4347 9074 9607 4604 964 1312 7418 3300 2611 2125 3495 6726 2969 9179 2302 7011 9165 6093 6646 8079 2664 3440 517 9849 4682 4340 535 4750 3966 5646 8195 5126 4690 9106 8467 8063 3081 6713 1039 2700 4373 2559 7280 1654 7818 6464 5301 6692 1460 9045 1963 8134 9358 5892 9590 7868 5274 2027 6436 7293 1211 9000 5818 9874 5996 2640 2021 7403 4720 8604 4168 8563 6742 9658 3792 3006 426 3701 5151 2621 4344 5230 26 7218 3526 6091 4019 7733 7570 6397 7635 2602 4921 4619 3881 6090 1486 6803 3084 9898 7661 4463 2451 7986 9059 9535 1876 221 8102 6048 7644 4156 8707 6933 6359 1554 6943 4120 1815 9571 1224 1795 9482 9417 1569 9715 7225 7563 7165 9581 1285 9615 8361 9430 87 1874 6215 9464 1292 6182 5165 4868 699 8132 43 7252 9351 9407 6095 1098 8347 347 7462 1438 9141 1446 5310 5913 390 1041 7961 3313 3711 9360 2737 7799 8478 4392 2243 1337 5034 4537 7589 9019 7992 7097 5030 7321 8503 1088 7752 1311 773 9432 8724 8238 6658 3416 8018 4478 9913 6552 2659 4248 2056 9054 3483 3788 7526 8520 917 3015 8015 8962 3555 2077 6084 3157 8011 6019 467 6980 4240 1342 520 7747 9512 9303 2258 3523 9046 6140 7782 6199 1272 8889 2616 1485 4195 7843 1895 974 2780 5692 4117 2837 8867 5161 7045 1666 4413 4541 8280 7356 2982 5792 8762 4897 3227 9189 2032 8965 3131 9978 4138 1762 282 1770 559 4126 621 8409 634 524 850 2840 9139 7656 2797 3632 5043 3357 9353 1642 7355 5358 5338 7096 6506 1911 9081 3152 9605 2383 3650 4665 7133 11 5132 610 6443 2847 7155 6689 6856 6486 8929 1573 4421 6743 8831 232 2348 7012 9941 7915 1047 5924 4146 1177 97 451 4506 67 440 4072 5026 7905 2588 7039 198 8275 8841 9821 5109 584 3872 4877 9346 2620 7345 1709 2811 5739 6767 6314 325 5238 6731 5588 6408 1673 5741 6640 3265 5727 4173 7422 8514 7599 3220 6927 5578 673 6591 8704 500 9400 4419 8057 3732 3746 8868 7897 4886 8053 6478 9554 8846 6133 1100 9218 2346 5686 1862 6670 7433 1021 1804 6028 4950 5020 103 4121 3671 9127 9813 2959 9928 4739 3621 5038 6735 3655 3578 7871 8713 4758 7409 8542 4650 2647 5759 8081 6516 8878 1036 6233 857 3402 8430 9825 6458 1982 8203 9627 8607 3148 102 9582 6376 1143 6762 156 7829 6709 7238 9061 1081 2689 3390 9753 432 3198 9015 6259 1680 9667 2601 3585 8533 3920 1798 3366 8799 6402 6978 5850 8229 9522 5222 3906 9762 4008 5174 4141 4706 3361 4890 3945 9777 1449 9047 5949 6957 2262 6602 4726 8192 8222 796 739 2861 7776 5215 9890 9560 5642 9927 5271 7924 4528 7465 2692 4605 749 3618 3554 6032 7514 1256 7568 4256 6652 94 1346 4213 4769 8599 2776 9484 9622 1713 1002 6135 606 7583 4688 6999 6172 2655 5386 4820 2084 6190 99 443 1900 4065 2697 1381 2163 8590 3362 2749 5261 2681 1084 3433 7116 8135 9210 9659 9685 6631 7092 3396 9158 8037 6842 5162 7875 1473 8289 3510 6686 7654 6279 4140 6134 3940 9152 6430 7013 5746 9247 6523 9999 4485 5787 248 5072 1542 4936 2402 3231 7135 7295 8253 2552 3783 8654 3890 3887 4946 8039 6825 4263 8436 9266 7888 7181 9489 5383 7804 1236 2763 5430 4099 3370 4725 6284 9270 3086 5209 8874 8573 9897 1967 1493 142 9469 5282 5889 2418 4253 6144 4470 357 730 9305 6033 3752 1188 8369 5864 7054 5891 1118 4656 9654 7734 433 7193 8439 7192 938 1780 2278 1307 2007 8410 82 5470 4244 9678 4068 7211 9175 1772 6988 5809 378 6057 4835 8103 2529 3363 3755 9944 1117 9598 8768 3583 2636 1280 9974 6098 3461 8855 4473 5465 9343 8151 6951 9903 7325 8215 1480 5766 8535 9787 7141 3519 1675 6097 3883 5712 5664 3106 7472 9982 6401 9102 9527 1797 2254 6471 2474 6908 2867 5800 250 8767 4110 484 73 3588 6082 7129 1610 3886 1176 6121 4701 5941 1215 6015 7241 9707 5763 6073 824 4749 178 632 41 3789 3625 4937 2657 3702 7137 6246 1777 1145 9502 2873 5337 209 9644 9194 2212 5855 389 1601 984 7795 3452 1464 2908 9991 7178 5099 8381 421 9829 7231 5940 3587 9107 3380 4569 1864 9076 869 4061 2184 4658 3210 5231 9946 5863 4567 268 5601 5472 4465 2293 7027 4822 548 6597 1007 7123 3627 8651 9790 5652 7481 979 93 9743 2887 405 5189 119 9698 8344 1362 6616 4207 5958 5258 5880 1472 6791 6489 2825 8991 7207 3007 2103 7292 7575 2042 589 203 6688 4084 1230 2398 267 732 9739 7721 1331 7970 6068 3218 1681 2123 5748 7853 2830 7124 6711 6738 7493 1580 3110 8149 407 263 8549 8853 5659 2514 5618 2815 9609 8319 299 3543 4775 4439 2357 4955 9437 1001 6798 5098 3474 7365 2894 9932 158 5581 8774 5508 9079 5406 4326 691 1995 2989 311 8121 2185 2946 1228 7209 2024 7677 791 6513 8118 1196 1919 6470 3556 7485 5911 9295 1422 9853 1689 8041 2406 2447 7550 6628 780 2358 1402 8443 8259 5198 4423 9705 7533 1500 7543 7189 3642 1867 4636 1107 2245 4093 8653 3119 5212 9769 5112 3001 9306 175 7675 5758 8285 6301 2209 4185 3035 388 9746 6390 5148 7219 2999 3415 5487 3309 7874 4158 9713 6400 4446 8538 1807 4976 5192 8414 2498 7010 9361 502 9828 6932 9177 5920 8256 3373 576 8852 6023 7670 6817 6914 8359 2921 1182 6672 7284 6012 1506 997 9153 7810 6298 7841 6787 8052 2317 3105 452 2669 5745 1719 534 8698 8182 9866 7275 8180 3580 861 7350 5441 7489 3641 6498 2195 4270 9822 1764 4043 5929 9325 1364 2090 8817 6297 1682 9983 7223 4702 4981 7040 2596 8956 4586 8709 8835 7205 6678 8737 3336 7665 7405 9171 4833 941 1943 9920 5488 8708 4848 3385 1048 7702 7461 2980 6315 8211 39 1961 7296 1877 4002 2091 8918 5835 4635 3704 4149 6815 3320 5722 3335 5219 8840 7511 3739 1174 495 7151 6558 8615 6577 4878 3866 382 6648 315 1314 4467 2137 262 1016 8066 8401 4887 3860 4202 160 4104 7604 8543 2665 4349 6260 7402 2239 6275 628 3306 5613 1565 4405 8060 9608 9836 7083 1093 840 237 4984 5077 9243 8705 575 3187 3636 7586 9997 8593 3830 6413 3847 5353 8691 5665 2881 3039 2905 2759 930 6843 3311 5684 570 9052 5663 6142 6568 293 6431 1603 4881 2733 6572 1705 5562 2393 276 6535 8447 188 6979 6555 8023 5752 9577 2785 4838 5939 8892 4613 4687 7467 1082 6000 3217 2107 2809 5974 3170 1204 2769 7937 22 6306 667 609 1115 4523 4079 7894 5762 4608 5734 5023 1933 2591 3839 2261 2545 5848 4885 9431 9386 8872 9159 335 8340 4196 4576 6332 5936 1491 6022 3969 309 8712 6530 1931 6195 2934 9908 6590 1070 4193 7122 3162 4872 7548 9923 9603 2850 3770 3559 8204 4969 6611 6354 8998 3498 4748 8602 8346 4634 8832 1242 6913 7440 8201 5765 9570 9704 6507 7713 7127 9709 6277 4290 5037 460 3176 7735 2814 3329 2747 9138 4568 3395 2260 
